n: 23 di old
train_score: [0.5751988291740417, 0.6895961761474609]
val_score: [0.5998415946960449, 0.6704923510551453]


n: 2 di new
train_score: [0.6005630493164062, 0.6673659682273865]
val_score: [0.6059668660163879, 0.6638237833976746]